{
 "cells": [
  {
   "cell_type": "code",
   "execution_count": 1,
   "metadata": {},
   "outputs": [],
   "source": [
    "#Cria sessão Spark\n",
    "from pyspark.sql import SparkSession\n",
    "from pyspark.sql.functions import col\n",
    "import pyspark.sql.functions as F"
   ]
  },
  {
   "cell_type": "code",
   "execution_count": 2,
   "metadata": {},
   "outputs": [],
   "source": [
    "#Instância Spark\n",
    "spark = SparkSession.builder.appName('Curso Pyspark') \\\n",
    "         .config('spark.sql.repl.eagerEval.enabled', True) \\\n",
    "         .getOrCreate()      "
   ]
  },
  {
   "cell_type": "code",
   "execution_count": 9,
   "metadata": {},
   "outputs": [],
   "source": [
    "# lendo um arquivo parquet\n",
    "df = spark.read.parquet('./DATASETS/LIVROS.parquet').limit(5)"
   ]
  },
  {
   "cell_type": "code",
   "execution_count": 10,
   "metadata": {},
   "outputs": [
    {
     "name": "stdout",
     "output_type": "stream",
     "text": [
      "+---------+------------------+---------------+-------------+-------------+--------------+------+\n",
      "|id       |cnpj_editora      |data_lancamento|ean          |isbn10       |numero_paginas|preco |\n",
      "+---------+------------------+---------------+-------------+-------------+--------------+------+\n",
      "|102961160|54.317.982/0001-79|2011-09-19     |4367115749184|0-06-594558-1|516           |113.84|\n",
      "|043636240|16.938.042/0001-08|2019-05-11     |1239569754256|0-611-23680-X|371           |207.67|\n",
      "|052928059|57.624.038/0001-52|2003-08-03     |5462162528221|1-109-29542-1|198           |107.89|\n",
      "|088482271|16.249.378/0001-63|2022-09-07     |5713629047213|1-229-68842-0|632           |143.95|\n",
      "|028125446|90.425.178/0001-77|2011-07-25     |2226757040245|0-657-66391-3|384           |156.49|\n",
      "+---------+------------------+---------------+-------------+-------------+--------------+------+\n",
      "\n"
     ]
    }
   ],
   "source": [
    "df.show(truncate=0)"
   ]
  },
  {
   "cell_type": "markdown",
   "metadata": {},
   "source": []
  },
  {
   "cell_type": "code",
   "execution_count": 11,
   "metadata": {},
   "outputs": [
    {
     "name": "stdout",
     "output_type": "stream",
     "text": [
      "+---------+------------------+---------------+-------------+-------------+--------------+------+\n",
      "|id       |cnpj_editora      |data_lancamento|ean          |isbn10       |numero_paginas|preco |\n",
      "+---------+------------------+---------------+-------------+-------------+--------------+------+\n",
      "|102961160|54.317.982/0001-79|2011-09-19     |4367115749184|0-06-594558-1|516           |113.84|\n",
      "|043636240|16.938.042/0001-08|2019-05-11     |1239569754256|0-611-23680-X|371           |207.67|\n",
      "|052928059|57.624.038/0001-52|2003-08-03     |5462162528221|1-109-29542-1|198           |107.89|\n",
      "|088482271|16.249.378/0001-63|2022-09-07     |5713629047213|1-229-68842-0|632           |143.95|\n",
      "|028125446|90.425.178/0001-77|2011-07-25     |2226757040245|0-657-66391-3|384           |156.49|\n",
      "|102961160|54.317.982/0001-79|2011-09-19     |4367115749184|0-06-594558-1|516           |113.84|\n",
      "|043636240|16.938.042/0001-08|2019-05-11     |1239569754256|0-611-23680-X|371           |207.67|\n",
      "|052928059|57.624.038/0001-52|2003-08-03     |5462162528221|1-109-29542-1|198           |107.89|\n",
      "|088482271|16.249.378/0001-63|2022-09-07     |5713629047213|1-229-68842-0|632           |143.95|\n",
      "|028125446|90.425.178/0001-77|2011-07-25     |2226757040245|0-657-66391-3|384           |156.49|\n",
      "+---------+------------------+---------------+-------------+-------------+--------------+------+\n",
      "\n"
     ]
    }
   ],
   "source": [
    "# union precisa que os dfs estejam na mesma estrutura\n",
    "dup = df.union(df)\n",
    "dup.show(truncate=0)"
   ]
  },
  {
   "cell_type": "code",
   "execution_count": 12,
   "metadata": {},
   "outputs": [
    {
     "name": "stdout",
     "output_type": "stream",
     "text": [
      "+------------------+---------------+-------------+-------------+--------------+------+---------+\n",
      "|      cnpj_editora|data_lancamento|          ean|       isbn10|numero_paginas| preco|       id|\n",
      "+------------------+---------------+-------------+-------------+--------------+------+---------+\n",
      "|54.317.982/0001-79|     2011-09-19|4367115749184|0-06-594558-1|           516|113.84|102961160|\n",
      "|16.938.042/0001-08|     2019-05-11|1239569754256|0-611-23680-X|           371|207.67|043636240|\n",
      "|57.624.038/0001-52|     2003-08-03|5462162528221|1-109-29542-1|           198|107.89|052928059|\n",
      "|16.249.378/0001-63|     2022-09-07|5713629047213|1-229-68842-0|           632|143.95|088482271|\n",
      "|90.425.178/0001-77|     2011-07-25|2226757040245|0-657-66391-3|           384|156.49|028125446|\n",
      "+------------------+---------------+-------------+-------------+--------------+------+---------+\n",
      "\n"
     ]
    }
   ],
   "source": [
    "df1 = df.select('cnpj_editora', 'data_lancamento', 'ean', 'isbn10', 'numero_paginas', 'preco', 'id')\n",
    "df1.show()"
   ]
  },
  {
   "cell_type": "code",
   "execution_count": 13,
   "metadata": {},
   "outputs": [
    {
     "data": {
      "text/html": [
       "<table border='1'>\n",
       "<tr><th>id</th><th>cnpj_editora</th><th>data_lancamento</th><th>ean</th><th>isbn10</th><th>numero_paginas</th><th>preco</th></tr>\n",
       "<tr><td>102961160</td><td>54.317.982/0001-79</td><td>2011-09-19</td><td>4367115749184</td><td>0-06-594558-1</td><td>516</td><td>113.84</td></tr>\n",
       "<tr><td>043636240</td><td>16.938.042/0001-08</td><td>2019-05-11</td><td>1239569754256</td><td>0-611-23680-X</td><td>371</td><td>207.67</td></tr>\n",
       "<tr><td>052928059</td><td>57.624.038/0001-52</td><td>2003-08-03</td><td>5462162528221</td><td>1-109-29542-1</td><td>198</td><td>107.89</td></tr>\n",
       "<tr><td>088482271</td><td>16.249.378/0001-63</td><td>2022-09-07</td><td>5713629047213</td><td>1-229-68842-0</td><td>632</td><td>143.95</td></tr>\n",
       "<tr><td>028125446</td><td>90.425.178/0001-77</td><td>2011-07-25</td><td>2226757040245</td><td>0-657-66391-3</td><td>384</td><td>156.49</td></tr>\n",
       "<tr><td>54.317.982/0001-79</td><td>2011-09-19</td><td>4367115749184</td><td>0-06-594558-1</td><td>516</td><td>113.84</td><td>102961160</td></tr>\n",
       "<tr><td>16.938.042/0001-08</td><td>2019-05-11</td><td>1239569754256</td><td>0-611-23680-X</td><td>371</td><td>207.67</td><td>043636240</td></tr>\n",
       "<tr><td>57.624.038/0001-52</td><td>2003-08-03</td><td>5462162528221</td><td>1-109-29542-1</td><td>198</td><td>107.89</td><td>052928059</td></tr>\n",
       "<tr><td>16.249.378/0001-63</td><td>2022-09-07</td><td>5713629047213</td><td>1-229-68842-0</td><td>632</td><td>143.95</td><td>088482271</td></tr>\n",
       "<tr><td>90.425.178/0001-77</td><td>2011-07-25</td><td>2226757040245</td><td>0-657-66391-3</td><td>384</td><td>156.49</td><td>028125446</td></tr>\n",
       "</table>\n"
      ],
      "text/plain": [
       "+------------------+------------------+---------------+-------------+-------------+--------------+---------+\n",
       "|                id|      cnpj_editora|data_lancamento|          ean|       isbn10|numero_paginas|    preco|\n",
       "+------------------+------------------+---------------+-------------+-------------+--------------+---------+\n",
       "|         102961160|54.317.982/0001-79|     2011-09-19|4367115749184|0-06-594558-1|           516|   113.84|\n",
       "|         043636240|16.938.042/0001-08|     2019-05-11|1239569754256|0-611-23680-X|           371|   207.67|\n",
       "|         052928059|57.624.038/0001-52|     2003-08-03|5462162528221|1-109-29542-1|           198|   107.89|\n",
       "|         088482271|16.249.378/0001-63|     2022-09-07|5713629047213|1-229-68842-0|           632|   143.95|\n",
       "|         028125446|90.425.178/0001-77|     2011-07-25|2226757040245|0-657-66391-3|           384|   156.49|\n",
       "|54.317.982/0001-79|        2011-09-19|  4367115749184|0-06-594558-1|          516|        113.84|102961160|\n",
       "|16.938.042/0001-08|        2019-05-11|  1239569754256|0-611-23680-X|          371|        207.67|043636240|\n",
       "|57.624.038/0001-52|        2003-08-03|  5462162528221|1-109-29542-1|          198|        107.89|052928059|\n",
       "|16.249.378/0001-63|        2022-09-07|  5713629047213|1-229-68842-0|          632|        143.95|088482271|\n",
       "|90.425.178/0001-77|        2011-07-25|  2226757040245|0-657-66391-3|          384|        156.49|028125446|\n",
       "+------------------+------------------+---------------+-------------+-------------+--------------+---------+"
      ]
     },
     "execution_count": 13,
     "metadata": {},
     "output_type": "execute_result"
    }
   ],
   "source": [
    "df.union(df1)"
   ]
  },
  {
   "cell_type": "code",
   "execution_count": 14,
   "metadata": {},
   "outputs": [
    {
     "data": {
      "text/html": [
       "<table border='1'>\n",
       "<tr><th>id</th><th>cnpj_editora</th><th>data_lancamento</th><th>ean</th><th>isbn10</th><th>numero_paginas</th><th>preco</th></tr>\n",
       "<tr><td>102961160</td><td>54.317.982/0001-79</td><td>2011-09-19</td><td>4367115749184</td><td>0-06-594558-1</td><td>516</td><td>113.84</td></tr>\n",
       "<tr><td>043636240</td><td>16.938.042/0001-08</td><td>2019-05-11</td><td>1239569754256</td><td>0-611-23680-X</td><td>371</td><td>207.67</td></tr>\n",
       "<tr><td>052928059</td><td>57.624.038/0001-52</td><td>2003-08-03</td><td>5462162528221</td><td>1-109-29542-1</td><td>198</td><td>107.89</td></tr>\n",
       "<tr><td>088482271</td><td>16.249.378/0001-63</td><td>2022-09-07</td><td>5713629047213</td><td>1-229-68842-0</td><td>632</td><td>143.95</td></tr>\n",
       "<tr><td>028125446</td><td>90.425.178/0001-77</td><td>2011-07-25</td><td>2226757040245</td><td>0-657-66391-3</td><td>384</td><td>156.49</td></tr>\n",
       "<tr><td>102961160</td><td>54.317.982/0001-79</td><td>2011-09-19</td><td>4367115749184</td><td>0-06-594558-1</td><td>516</td><td>113.84</td></tr>\n",
       "<tr><td>043636240</td><td>16.938.042/0001-08</td><td>2019-05-11</td><td>1239569754256</td><td>0-611-23680-X</td><td>371</td><td>207.67</td></tr>\n",
       "<tr><td>052928059</td><td>57.624.038/0001-52</td><td>2003-08-03</td><td>5462162528221</td><td>1-109-29542-1</td><td>198</td><td>107.89</td></tr>\n",
       "<tr><td>088482271</td><td>16.249.378/0001-63</td><td>2022-09-07</td><td>5713629047213</td><td>1-229-68842-0</td><td>632</td><td>143.95</td></tr>\n",
       "<tr><td>028125446</td><td>90.425.178/0001-77</td><td>2011-07-25</td><td>2226757040245</td><td>0-657-66391-3</td><td>384</td><td>156.49</td></tr>\n",
       "</table>\n"
      ],
      "text/plain": [
       "+---------+------------------+---------------+-------------+-------------+--------------+------+\n",
       "|       id|      cnpj_editora|data_lancamento|          ean|       isbn10|numero_paginas| preco|\n",
       "+---------+------------------+---------------+-------------+-------------+--------------+------+\n",
       "|102961160|54.317.982/0001-79|     2011-09-19|4367115749184|0-06-594558-1|           516|113.84|\n",
       "|043636240|16.938.042/0001-08|     2019-05-11|1239569754256|0-611-23680-X|           371|207.67|\n",
       "|052928059|57.624.038/0001-52|     2003-08-03|5462162528221|1-109-29542-1|           198|107.89|\n",
       "|088482271|16.249.378/0001-63|     2022-09-07|5713629047213|1-229-68842-0|           632|143.95|\n",
       "|028125446|90.425.178/0001-77|     2011-07-25|2226757040245|0-657-66391-3|           384|156.49|\n",
       "|102961160|54.317.982/0001-79|     2011-09-19|4367115749184|0-06-594558-1|           516|113.84|\n",
       "|043636240|16.938.042/0001-08|     2019-05-11|1239569754256|0-611-23680-X|           371|207.67|\n",
       "|052928059|57.624.038/0001-52|     2003-08-03|5462162528221|1-109-29542-1|           198|107.89|\n",
       "|088482271|16.249.378/0001-63|     2022-09-07|5713629047213|1-229-68842-0|           632|143.95|\n",
       "|028125446|90.425.178/0001-77|     2011-07-25|2226757040245|0-657-66391-3|           384|156.49|\n",
       "+---------+------------------+---------------+-------------+-------------+--------------+------+"
      ]
     },
     "execution_count": 14,
     "metadata": {},
     "output_type": "execute_result"
    }
   ],
   "source": [
    "# só impilha as colunas que existem nos dois dataframes\n",
    "df.unionByName(df1)"
   ]
  },
  {
   "cell_type": "code",
   "execution_count": null,
   "metadata": {},
   "outputs": [],
   "source": []
  }
 ],
 "metadata": {
  "kernelspec": {
   "display_name": "Python 3",
   "language": "python",
   "name": "python3"
  },
  "language_info": {
   "codemirror_mode": {
    "name": "ipython",
    "version": 3
   },
   "file_extension": ".py",
   "mimetype": "text/x-python",
   "name": "python",
   "nbconvert_exporter": "python",
   "pygments_lexer": "ipython3",
   "version": "3.11.8"
  }
 },
 "nbformat": 4,
 "nbformat_minor": 2
}
